
Partition 0:
10 102 201 225 260 343 359 519 557 612 758 769 885 915 927 931 965 1063 1080 1095 
Partition 1:
133 139 175 178 300 319 361 613 646 689 766 796 1126 1143 1159 1193 
Partition 2:
421 1036 
Partition 3:
16 182 216 258 484 497 546 563 572 752 754 1037 1045 
Partition 4:
784 
Partition 5:
24 204 371 989 1034 
Partition 6:
381 1011 1188 
Partition 7:
228 398 400 425 491 533 541 624 791 812 949 952 1029 1038 
Partition 8:
804 1050 1108 
Partition 9:
351 403 623 722 859 1111 
Partition 10:
35 171 280 335 475 676 724 787 835 1043 1115 
Partition 11:
18 122 165 203 241 253 747 999 1124 1135 1157 
Partition 12:
30 60 83 140 164 168 179 218 342 453 518 529 668 708 838 977 983 984 1027 1048 1073 1121 1139 1191 
Partition 13:
28 270 295 405 461 579 611 662 892 893 944 1014 1052 1070 1136 
Partition 14:
200 512 964 1160 
Partition 15:
247 282 511 601 649 870 969 978 1081 1155 
Partition 16:
20 38 114 120 134 261 416 506 581 592 599 614 683 720 734 795 825 850 888 1002 1169 1174 1197 
Partition 17:
107 121 372 417 616 760 910 987 1019 
Partition 18:
9 23 58 110 255 279 284 353 380 437 474 482 507 508 536 562 597 598 610 714 729 762 797 799 808 822 926 937 961 1008 1179 1195 
Partition 19:
127 314 336 877 
Partition 20:
100 277 288 321 327 341 439 522 583 864 1009 1118 1145 1156 1187 
Partition 21:
242 354 456 633 939 1051 1116 
Partition 22:
249 410 458 560 634 1167 
Partition 23:
77 91 116 155 234 330 401 492 542 600 640 755 819 855 899 908 934 951 971 1006 1020 1153 
Partition 24:
132 167 186 243 265 363 374 426 520 540 569 637 638 688 761 764 803 828 844 871 1000 1088 1106 1141 1172 1182 
Partition 25:
442 673 680 785 929 
Partition 26:
183 291 386 413 552 564 840 843 874 1102 1131 
Partition 27:
135 299 423 532 1181 
Partition 28:
33 138 208 248 311 385 604 684 700 801 811 865 875 887 897 901 981 1031 1062 1149 1165 1166 
Partition 29:
44 119 195 303 501 503 751 976 1044 1083 
Partition 30:
144 360 498 577 667 679 746 851 985 
Partition 31:
74 331 395 495 527 543 605 768 793 815 858 890 954 959 1023 1079 1127 1164 
Partition 32:
131 166 434 1140 
Partition 33:
98 154 480 631 643 664 727 772 786 1192 
Partition 34:
4 97 328 451 481 553 996 1117 1128 
Partition 35:
767 905 1042 1114 1150 
Partition 36:
14 50 94 99 118 150 159 254 308 322 449 468 471 663 666 671 697 742 
Partition 37:
6 13 17 108 162 176 202 215 223 239 296 349 462 500 556 578 659 682 728 736 816 917 921 1082 1091 1109 
Partition 38:
21 54 199 370 465 523 694 715 748 814 1046 
Partition 39:
59 173 290 339 377 744 1138 
Partition 40:
62 289 391 445 587 907 1028 1087 
Partition 41:
3 8 73 79 80 189 191 292 325 334 355 535 602 622 628 632 670 678 738 802 826 845 849 852 860 932 975 1056 1072 1125 
Partition 42:
517 1074 
Partition 43:
46 84 958 986 
Partition 44:
57 105 151 193 213 264 278 310 316 373 383 396 427 446 470 502 551 607 647 665 692 782 873 956 1055 1067 1178 
Partition 45:
467 483 695 731 1004 
Partition 46:
180 245 257 338 346 588 617 941 1016 
Partition 47:
22 124 489 589 618 621 732 774 862 866 883 993 1129 1133 1147 
Partition 48:
163 273 275 368 779 813 830 1084 1103 1198 
Partition 49:
47 72 103 106 145 214 220 251 333 352 402 419 429 455 488 490 510 514 544 575 739 759 878 880 918 963 1003 1078 1085 1144 1186 
Partition 50:
452 555 839 1097 
Partition 51:
1021 
Partition 52:
464 
Partition 53:
123 206 973 1068 
Partition 54:
53 63 486 538 753 881 988 
Partition 55:
43 69 85 113 305 415 457 524 798 847 896 928 1105 1171 
Partition 56:
71 88 158 212 238 294 404 547 568 603 644 705 820 909 923 1015 1018 1093 1146 
Partition 57:

Partition 58:
49 65 89 268 657 740 876 1113 
Partition 59:
45 263 496 
Partition 60:
318 709 765 792 
Partition 61:
7 112 125 326 750 823 1130 1199 
Partition 62:
42 52 75 86 109 224 226 240 286 287 304 309 369 378 392 436 440 466 478 504 509 526 548 558 594 626 642 691 718 770 771 783 790 806 810 832 841 913 925 982 997 1025 1039 1049 1054 1059 1076 1090 1112 1196 
Partition 63:
81 141 266 324 364 376 418 756 834 879 1001 1024 1058 1069 
Partition 64:
11 222 307 315 674 703 735 848 884 948 1119 
Partition 65:
39 93 146 184 197 438 469 476 565 590 721 861 867 911 912 970 1123 
Partition 66:
323 332 367 528 606 1010 1089 1176 
Partition 67:
25 56 67 412 424 441 448 479 554 615 619 636 669 716 726 776 833 894 946 1064 1096 1180 
Partition 68:
55 172 177 267 428 473 566 620 650 653 730 763 800 872 914 1057 1060 1086 1120 
Partition 69:
128 337 933 1099 
Partition 70:
906 
Partition 71:
0 5 41 101 236 348 432 433 450 559 570 608 609 641 710 936 953 1152 1194 
Partition 72:
66 366 582 805 947 
Partition 73:
2 136 160 350 485 530 723 794 869 950 972 1030 1092 
Partition 74:
95 244 252 276 399 414 549 550 576 630 656 702 895 904 992 998 1033 1040 1142 1162 1184 
Partition 75:
32 37 51 117 126 130 148 181 185 187 188 210 271 297 312 329 344 384 390 406 420 487 534 629 660 690 696 704 711 713 737 743 745 778 781 807 809 817 922 990 991 994 1005 1012 1047 1053 1077 1098 1161 1173 
Partition 76:
156 190 211 221 233 235 274 281 302 431 493 515 516 545 567 584 593 651 687 719 780 886 902 924 1026 1122 1189 
Partition 77:
36 78 90 115 142 460 513 525 537 699 706 773 903 1107 1151 1170 1175 
Partition 78:
829 942 
Partition 79:
29 149 306 409 459 733 1110 1148 
Partition 80:
246 293 340 443 521 625 749 856 957 966 1013 
Partition 81:
68 70 283 285 494 898 1154 
Partition 82:
447 686 
Partition 83:
269 837 900 
Partition 84:
92 707 974 980 
Partition 85:
147 237 394 645 661 831 891 962 1158 
Partition 86:
1 40 347 411 422 652 777 935 955 960 1032 1094 
Partition 87:
153 259 358 725 818 968 995 1065 1163 
Partition 88:
26 87 192 272 320 454 505 658 854 
Partition 89:
143 209 232 345 580 967 1022 1132 1185 
Partition 90:
137 170 196 387 388 393 531 675 741 842 846 889 1066 1100 1168 
Partition 91:
12 161 207 217 362 375 389 407 463 571 595 639 1061 1075 1183 
Partition 92:
19 227 298 591 672 938 
Partition 93:
34 356 435 561 574 585 627 789 1007 1041 1190 
Partition 94:
31 48 61 64 82 152 169 174 229 262 365 397 430 499 539 648 654 655 677 681 757 775 788 857 882 916 919 930 945 979 1035 1134 1137 
Partition 95:
104 111 129 230 231 250 382 444 693 821 824 1017 1104 
Partition 96:
27 317 
Partition 97:
15 96 157 194 198 205 219 256 301 313 357 379 472 573 586 596 635 698 712 717 836 863 868 940 1071 1101 1177 
Partition 98:
76 477 701 853 920 
Partition 99:
408 685 827 943 
